NACA 2412
    1.000000       0.000000    
   0.9980838      0.4008964E-03
   0.9946079      0.1125443E-02
   0.9901444      0.2050739E-02
   0.9849041      0.3129882E-02
   0.9790113      0.4334031E-02
   0.9725524      0.5642706E-02
   0.9655918      0.7039954E-02
   0.9581810      0.8512887E-02
   0.9503620      0.1005063E-01
   0.9421703      0.1164380E-01
   0.9336367      0.1328424E-01
   0.9247882      0.1496465E-01
   0.9156486      0.1667854E-01
   0.9062395      0.1842006E-01
   0.8965806      0.2018382E-01
   0.8866896      0.2196496E-01
   0.8765830      0.2375897E-01
   0.8662763      0.2556168E-01
   0.8557834      0.2736932E-01
   0.8451178      0.2917832E-01
   0.8342921      0.3098536E-01
   0.8233181      0.3278733E-01
   0.8122067      0.3458136E-01
   0.8009688      0.3636473E-01
   0.7896144      0.3813488E-01
   0.7781532      0.3988941E-01
   0.7665944      0.4162607E-01
   0.7549467      0.4334265E-01
   0.7432187      0.4503716E-01
   0.7314187      0.4670763E-01
   0.7195543      0.4835221E-01
   0.7076332      0.4996912E-01
   0.6956627      0.5155670E-01
   0.6836500      0.5311328E-01
   0.6716018      0.5463732E-01
   0.6595249      0.5612732E-01
   0.6474258      0.5758183E-01
   0.6353107      0.5899945E-01
   0.6231858      0.6037882E-01
   0.6110568      0.6171866E-01
   0.5989298      0.6301769E-01
   0.5868104      0.6427470E-01
   0.5747042      0.6548850E-01
   0.5626163      0.6665799E-01
   0.5505522      0.6778198E-01
   0.5385172      0.6885947E-01
   0.5265161      0.6988944E-01
   0.5145540      0.7087085E-01
   0.5026356      0.7180279E-01
   0.4907658      0.7268431E-01
   0.4789492      0.7351455E-01
   0.4671903      0.7429267E-01
   0.4554937      0.7501788E-01
   0.4438639      0.7568944E-01
   0.4323050      0.7630659E-01
   0.4208214      0.7686874E-01
   0.4094173      0.7737522E-01
   0.3980968      0.7782523E-01
   0.3868639      0.7820703E-01
   0.3757227      0.7851440E-01
   0.3646770      0.7874739E-01
   0.3537309      0.7890610E-01
   0.3428878      0.7899071E-01
   0.3321521      0.7900148E-01
   0.3215269      0.7893874E-01
   0.3110163      0.7880291E-01
   0.3006234      0.7859445E-01
   0.2903525      0.7831395E-01
   0.2802064      0.7796202E-01
   0.2701891      0.7753942E-01
   0.2603036      0.7704688E-01
   0.2505537      0.7648533E-01
   0.2409423      0.7585564E-01
   0.2314733      0.7515889E-01
   0.2221493      0.7439612E-01
   0.2129741      0.7356852E-01
   0.2039504      0.7267725E-01
   0.1950819      0.7172371E-01
   0.1863712      0.7070917E-01
   0.1778219      0.6963511E-01
   0.1694365      0.6850296E-01
   0.1612187      0.6731433E-01
   0.1531708      0.6607074E-01
   0.1452962      0.6477392E-01
   0.1375977      0.6342552E-01
   0.1300783      0.6202731E-01
   0.1227407      0.6058104E-01
   0.1155881      0.5908862E-01
   0.1086228      0.5755179E-01
   0.1018482      0.5597255E-01
   0.9526664E-01  0.5435275E-01
   0.8888113E-01  0.5269437E-01
   0.8269423E-01  0.5099932E-01
   0.7670873E-01  0.4926958E-01
   0.7092726E-01  0.4750710E-01
   0.6535256E-01  0.4571387E-01
   0.5998713E-01  0.4389178E-01
   0.5483371E-01  0.4204285E-01
   0.4989481E-01  0.4016895E-01
   0.4517311E-01  0.3827204E-01
   0.4067111E-01  0.3635395E-01
   0.3639126E-01  0.3441651E-01
   0.3233624E-01  0.3246156E-01
   0.2850837E-01  0.3049078E-01
   0.2491027E-01  0.2850593E-01
   0.2154428E-01  0.2650857E-01
   0.1841289E-01  0.2450028E-01
   0.1551855E-01  0.2248259E-01
   0.1286364E-01  0.2045688E-01
   0.1045054E-01  0.1842447E-01
   0.8281648E-02  0.1638663E-01
   0.6359220E-02  0.1434438E-01
   0.4685700E-02  0.1229886E-01
   0.3263354E-02  0.1025092E-01
   0.2094626E-02  0.8201612E-02
   0.1181602E-02  0.6151278E-02
   0.5266070E-03  0.4100455E-02
   0.1320243E-03  0.2050015E-02
    0.000000       0.000000    
   0.1320243E-03 -0.2023615E-02
   0.5266070E-03 -0.3995202E-02
   0.1181602E-02 -0.5915307E-02
   0.2094626E-02 -0.7783784E-02
   0.3263354E-02 -0.9600912E-02
   0.4685700E-02 -0.1136721E-01
   0.6359220E-02 -0.1308264E-01
   0.8281648E-02 -0.1474745E-01
   0.1045054E-01 -0.1636167E-01
   0.1286364E-01 -0.1792552E-01
   0.1551855E-01 -0.1943908E-01
   0.1841289E-01 -0.2090246E-01
   0.2154428E-01 -0.2231575E-01
   0.2491027E-01 -0.2367901E-01
   0.2850837E-01 -0.2499229E-01
   0.3233624E-01 -0.2625572E-01
   0.3639126E-01 -0.2746934E-01
   0.4067111E-01 -0.2863327E-01
   0.4517311E-01 -0.2974757E-01
   0.4989481E-01 -0.3081236E-01
   0.5483371E-01 -0.3182779E-01
   0.5998713E-01 -0.3279397E-01
   0.6535256E-01 -0.3371109E-01
   0.7092726E-01 -0.3457931E-01
   0.7670873E-01 -0.3539889E-01
   0.8269423E-01 -0.3617005E-01
   0.8888113E-01 -0.3689311E-01
   0.9526664E-01 -0.3756836E-01
   0.1018482     -0.3819618E-01
   0.1086228     -0.3877695E-01
   0.1155881     -0.3931115E-01
   0.1227407     -0.3979922E-01
   0.1300783     -0.4024174E-01
   0.1375977     -0.4063926E-01
   0.1452962     -0.4099244E-01
   0.1531708     -0.4130192E-01
   0.1612187     -0.4156847E-01
   0.1694365     -0.4179284E-01
   0.1778219     -0.4197589E-01
   0.1863712     -0.4211848E-01
   0.1950819     -0.4222157E-01
   0.2039504     -0.4228612E-01
   0.2129741     -0.4231319E-01
   0.2221493     -0.4230384E-01
   0.2314733     -0.4225921E-01
   0.2409423     -0.4218049E-01
   0.2505537     -0.4206888E-01
   0.2603036     -0.4192565E-01
   0.2701891     -0.4175214E-01
   0.2802064     -0.4154966E-01
   0.2903525     -0.4131959E-01
   0.3006234     -0.4106338E-01
   0.3110163     -0.4078243E-01
   0.3215269     -0.4047826E-01
   0.3321521     -0.4015232E-01
   0.3428878     -0.3980616E-01
   0.3537309     -0.3944131E-01
   0.3646770     -0.3905932E-01
   0.3757227     -0.3866174E-01
   0.3868639     -0.3825017E-01
   0.3980968     -0.3782614E-01
   0.4094173     -0.3738508E-01
   0.4208214     -0.3691691E-01
   0.4323050     -0.3642256E-01
   0.4438639     -0.3590322E-01
   0.4554937     -0.3536007E-01
   0.4671903     -0.3479430E-01
   0.4789492     -0.3420711E-01
   0.4907658     -0.3359969E-01
   0.5026356     -0.3297324E-01
   0.5145540     -0.3232893E-01
   0.5265161     -0.3166793E-01
   0.5385172     -0.3099137E-01
   0.5505522     -0.3030043E-01
   0.5626163     -0.2959622E-01
   0.5747042     -0.2887979E-01
   0.5868104     -0.2815228E-01
   0.5989298     -0.2741471E-01
   0.6110568     -0.2666811E-01
   0.6231858     -0.2591348E-01
   0.6353107     -0.2515180E-01
   0.6474258     -0.2438400E-01
   0.6595249     -0.2361101E-01
   0.6716018     -0.2283372E-01
   0.6836500     -0.2205298E-01
   0.6956627     -0.2126964E-01
   0.7076332     -0.2048448E-01
   0.7195543     -0.1969831E-01
   0.7314187     -0.1891189E-01
   0.7432187     -0.1812595E-01
   0.7549467     -0.1734123E-01
   0.7665944     -0.1655845E-01
   0.7781532     -0.1577829E-01
   0.7896144     -0.1500147E-01
   0.8009688     -0.1422873E-01
   0.8122067     -0.1346074E-01
   0.8233181     -0.1269825E-01
   0.8342921     -0.1194199E-01
   0.8451178     -0.1119275E-01
   0.8557834     -0.1045138E-01
   0.8662763     -0.9718751E-02
   0.8765830     -0.8995790E-02
   0.8866896     -0.8283493E-02
   0.8965806     -0.7582965E-02
   0.9062395     -0.6895438E-02
   0.9156486     -0.6222266E-02
   0.9247882     -0.5564946E-02
   0.9336367     -0.4925144E-02
   0.9421703     -0.4304764E-02
   0.9503620     -0.3705991E-02
   0.9581810     -0.3131336E-02
   0.9655918     -0.2583745E-02
   0.9725524     -0.2066732E-02
   0.9790113     -0.1584489E-02
   0.9849041     -0.1142405E-02
   0.9901444     -0.7474568E-03
   0.9946079     -0.4097233E-03
   0.9980838     -0.1458151E-03
    1.000000       0.000000    
