   alpha    CL        CD       CDp       CM     Top_Xtr  Bot_Xtr  Top_Itr  Bot_Itr
  -6.796  -0.5000   0.01018   0.00271  -0.0582   0.9694   0.0398   3.8759  98.2843
  -5.885  -0.4000   0.00927   0.00211  -0.0577   0.9481   0.0515   5.3627  99.9555
  -4.953  -0.3000   0.00842   0.00157  -0.0565   0.9207   0.0740   7.1190 102.3548
  -4.030  -0.2000   0.00772   0.00116  -0.0555   0.8861   0.1144   9.2675 105.5737
  -3.114  -0.1000   0.00715   0.00085  -0.0547   0.8441   0.1797  11.8422 109.9221
  -2.200   0.0000   0.00668   0.00065  -0.0541   0.7945   0.2723  14.8749 115.6466
  -1.283   0.1000   0.00625   0.00051  -0.0534   0.7379   0.4005  18.3252 123.3070
  -0.347   0.2000   0.00576   0.00048  -0.0524   0.6754   0.6098  22.1309 135.7349
   0.600   0.3000   0.00552   0.00055  -0.0508   0.6117   0.7919  26.0135 146.4493
   1.574   0.4000   0.00559   0.00072  -0.0480   0.5507   0.9351  29.7299 154.9319
   2.372   0.5000   0.00597   0.00085  -0.0499   0.5029   0.9823  32.6565 158.1863
