   alpha    CL        CD       CDp       CM     Top_Xtr  Bot_Xtr  Top_Itr  Bot_Itr
  -4.588  -0.5000   0.00795   0.00143  -0.0045   0.9812   0.1900   2.9240 109.5605
  -3.745  -0.4000   0.00703   0.00109  -0.0058   0.9597   0.2814   4.5218 115.3691
  -2.906  -0.3100   0.00633   0.00084  -0.0047   0.9238   0.3744   6.8316 121.1057
  -2.432  -0.2600   0.00602   0.00073  -0.0038   0.8966   0.4268   8.4928 124.2962
  -1.585  -0.1700   0.00565   0.00057  -0.0023   0.8357   0.5196  12.1561 129.9068
  -0.652  -0.0700   0.00544   0.00048  -0.0009   0.7520   0.6194  17.1639 135.8964
   0.280   0.0300   0.00540   0.00046   0.0004   0.6581   0.7153  22.7855 141.6393
   1.024   0.1100   0.00549   0.00051   0.0014   0.5800   0.7870  27.4638 145.9298
   2.054   0.2200   0.00583   0.00065   0.0031   0.4686   0.8715  34.1712 150.9917
   2.906   0.3100   0.00633   0.00084   0.0047   0.3744   0.9238  39.8938 154.1680
   3.838   0.4100   0.00712   0.00113   0.0059   0.2714   0.9632  46.2538 156.7194
   4.588   0.5000   0.00795   0.00144   0.0045   0.1900   0.9812  51.4387 158.0763
